
  1269
  11.5170000 -26.7510000   4.6360000  11.7470687 -26.5438097   3.6746252
  10.5118914 -26.7576479   4.7350595  12.0591846 -27.5490353   4.9347894
  11.9790000 -25.6390000   5.4630000  11.1325829 -25.1974255   5.9890126
  13.0050000 -26.1190000   6.5000000  12.6826930 -27.0561720   6.9537907
  13.9053570 -26.2921023   5.9105147  13.3050000 -25.0930000   7.6030000
  12.4760000 -24.1750000   7.8180000  14.3330000 -25.2710000   8.3010000
  12.5220000 -24.5520000   4.5290000  13.6080000 -24.7000000   3.9790000
  11.6950000 -23.5410000   4.2550000  10.7410545 -23.6310430   4.5743426
  12.0430000 -22.3860000   3.4230000  12.7534527 -22.6162866   2.6290704
  10.8080000 -21.6840000   2.8200000  10.4342915 -22.3269327   2.0230810
   9.6830000 -21.4080000   3.8230000  10.0558497 -20.7647033   4.6200277
   8.8555122 -20.9131878   3.3145460   9.3362094 -22.3494908   4.2489466
  11.2190000 -20.4090000   2.0500000  11.5874151 -19.6928220   2.7844795
  12.0291105 -20.6861443   1.3754546  10.0800000 -19.7750000   1.2460000
   9.2696571 -19.4971497   1.9199759  10.4472220 -18.8855259   0.7340595
   9.7113508 -20.4904734   0.5109521  12.9260000 -21.4200000   4.2110000
  13.9640000 -20.9680000   3.7420000  12.5240000 -21.1180000   5.4360000
  11.7488394 -21.6365631   5.8237082  13.1130000 -20.0530000   6.2380000
  13.5408745 -19.2693118   5.6128157  11.9620000 -19.4400000   7.0850000
  11.6273191 -20.2158489   7.7735829  12.4588241 -18.6476735   7.6448969
  10.7450000 -18.8560000   6.3380000  10.8800000 -18.3600000   5.2000000
   9.6080000 -18.9340000   6.8820000  14.2460000 -20.5180000   7.1470000
  14.7800000 -19.7400000   7.9330000  14.6140000 -21.7930000   7.0520000
  14.1232180 -22.3793186   6.3921039  15.6790000 -22.3870000   7.8420000
  15.7995265 -23.4112202   7.4890900  16.5847937 -21.8201438   7.6267996
  15.4540000 -22.4050000   9.3330000  16.4150000 -22.5010000  10.0940000
  14.1940000 -22.4150000   9.7420000  13.4778572 -22.3368367   9.0340951
  13.7890000 -22.3800000  11.1410000  14.6377210 -22.5387704  11.8062548
  13.0960000 -21.0510000  11.5010000  12.6081582 -21.1482472  12.4708730
  14.1350000 -19.9280000  11.5630000  14.6229726 -19.8298364  10.5932849
  13.6419875 -18.9898279  11.8177008  14.8807287 -20.1637656  12.3222117
  11.9630000 -20.7050000  10.5190000  12.4113186 -20.2027782   9.6617460
  11.5100300 -21.6418406  10.1945814  10.8910000 -19.8070000  11.1310000
  11.3431630 -18.8697132  11.4552560  10.1213983 -19.6003717  10.3872815
  10.4418757 -20.3087751  11.9880934  12.9530000 -23.5880000  11.5420000
  12.0520000 -23.5030000  12.3730000  13.0814456 -24.6588314  10.9527112
  10.9970000 -22.4300000  -2.3130000  10.8520149 -22.9300053  -1.4475092
  10.7966107 -22.8789587  -3.1952583  10.1880000 -21.2250000  -2.3320000
   9.6819600 -21.1440318  -1.3699874   9.4466856 -21.3294545  -3.1242388
  11.1520000 -20.0700000  -2.5860000  10.8022335 -19.1515614  -2.1145848
  11.2918741 -19.8994246  -3.6534457  12.4370000 -20.5700000  -1.9430000
  12.4985580 -20.4106111  -0.8664755  13.2977342 -20.1093249  -2.4277836
  12.4080000 -22.0650000  -2.2450000  12.8169811 -22.1975750  -3.2466268
  13.2300000 -22.8780000  -1.2490000  12.7160000 -23.4110000  -0.2620000
  14.5180000 -22.9980000  -1.5450000  14.8277960 -22.6601760  -2.4450004
  15.4920000 -23.6490000  -0.6790000  15.1454704 -24.6436066  -0.3983327
  16.8240000 -23.7870000  -1.4270000  17.5922322 -24.0873839  -0.7144777
  16.7150642 -24.5581008  -2.1896511  17.1990000 -22.5710000  -2.0380000
  18.0339229 -22.6877653  -2.4972052  15.6890000 -22.9050000   0.6400000
  15.4070000 -21.7170000   0.7630000  16.1710000 -23.6430000   1.6360000
  16.4117609 -24.6007259   1.4241162  16.3210000 -23.1800000   3.0120000
  15.3594179 -22.8850691   3.4320890  16.8840000 -24.3370000   3.8430000
  16.2027417 -25.1823335   3.7460590  17.8561600 -24.6052130   3.4293979
  17.0290000 -24.0040000   5.2070000  17.3834984 -24.7576474   5.6844373
  17.2080000 -21.9520000   3.1620000  18.2890000 -21.8670000   2.5730000
  16.8010000 -21.0410000   4.0420000  15.8458068 -21.0858624   4.3671040
  17.6290000 -19.9280000   4.4840000  17.8777342 -19.2888797   3.6367953
  16.8730000 -19.0890000   5.5270000  15.8474532 -18.9215662   5.1978817
  16.8666345 -19.6305897   6.4729070  17.5400000 -17.7400000   5.7440000
  17.8920000 -17.0620000   4.7960000  17.7220000 -17.2990000   6.9660000
  18.1645585 -16.4035627   7.1157795  17.4187175 -17.8569573   7.7513688
  18.9970000 -20.3640000   5.0250000  19.9990000 -19.6900000   4.8060000
  19.0510000 -21.5290000   5.6790000  18.1786389 -21.9709318   5.9315504
  20.2950000 -22.1340000   6.1480000  20.7331846 -21.4310957   6.8565330
  19.9640000 -23.4340000   6.8890000  19.5327267 -24.1511980   6.1906230
  20.8751208 -23.8495853   7.3194044  19.2483957 -23.2271486   7.6847526
  21.3290000 -22.3550000   5.0530000  22.5370000 -22.2680000   5.2890000
  21.2420000 -20.4360000   2.1230000  20.8323539 -21.1036991   1.4854521
  21.5820000 -19.1170000   1.6150000  20.7766084 -18.4268673   1.8663175
  22.5051306 -18.7859838   2.0907704  21.7760000 -19.1220000   0.1130000
  20.8970000 -19.5730000  -0.6300000  22.8086479 -18.6781283  -0.3840495
  17.5490000 -11.0060000  -7.1020000  18.0707799 -11.8684752  -7.0388861
  18.1935806 -10.2488708  -7.2791199  16.7579145 -11.1491979  -7.7133736
  16.9790000 -10.7270000  -5.7960000  17.3381125  -9.7674317  -5.4240241
  15.4520000 -10.6690000  -5.9060000  15.2546027  -9.9484632  -6.6997003
  15.0177864 -11.6321557  -6.1741224  14.8370000 -10.1820000  -4.6230000
  14.9940000  -8.8340000  -4.2600000  15.4596642  -8.1335242  -4.9532459
  14.5510000  -8.3890000  -3.0040000  14.6231893  -7.3350331  -2.7355893
  13.9020000  -9.2940000  -2.1390000  13.5690000  -8.9030000  -0.8880000
  13.8207399  -7.9960866  -0.6989636  13.7040000 -10.6340000  -2.5230000
  13.1675841 -11.3210476  -1.8685353  14.2020000 -11.0840000  -3.7570000
  14.0943116 -12.1313911  -4.0389135  17.5420000 -11.6250000  -4.6910000
  18.1290000 -11.0780000  -3.7600000  17.4960000 -12.9650000  -4.8120000
  16.7020000 -13.7720000  -5.7350000  17.0214998 -13.5322601  -6.7491720
  15.6558345 -13.4932584  -5.6087463  16.9650000 -15.2340000  -5.3660000
  16.9792373 -15.8610968  -6.2574292  16.2048082 -15.6009279  -4.6763815
  18.3260000 -15.1900000  -4.6980000  19.1698098 -15.2260722  -5.3870449
  18.4154579 -15.9982729  -3.9721958  18.3010000 -13.8400000  -3.9760000
  17.7644942 -13.9317448  -3.0316258  19.7270000 -13.3860000  -3.7060000
  20.1090000 -13.3100000  -2.5440000  20.4710769 -13.0810667  -4.6354128
  21.2270000 -10.3850000  -3.9850000  20.8936765 -11.1302084  -3.3903060
  22.1916691 -10.5664029  -4.2229220  20.5482857 -10.2244466  -4.7155266
  21.2480000  -9.1590000  -3.2040000  22.2758687  -8.7966794  -3.2215743
  20.6040464  -8.4488087  -3.7227017  20.7910000  -9.2780000  -1.7620000
  21.2420000  -8.5200000  -0.9040000  19.8910000 -10.2140000  -1.4810000
  19.4411544 -10.6992550  -2.2440635  19.4420000 -10.4960000  -0.1210000
  19.6345211  -9.6366816   0.5213446  17.9330000 -10.7860000  -0.1140000
  17.8190549 -11.7876097  -0.5286006  17.6343321 -10.7911061   0.9342707
  17.0430000  -9.8030000  -0.8960000  17.5273267  -9.7888088  -1.8723847
  16.0338152 -10.2022151  -0.9973675  16.9510000  -8.3700000  -0.3760000
  15.8660000  -7.9010000  -0.0530000  18.0050000  -7.5920000  -0.3720000
  17.9295936  -6.6464203  -0.0251651  18.8880896  -7.9413965  -0.7157677
  20.2070000 -11.6190000   0.5780000  20.0100000 -11.8720000   1.7630000
  21.0710000 -12.3140000  -0.1490000  21.1384707 -12.0906664  -1.1316847
  21.9160000 -13.3640000   0.3750000  22.7644077 -13.4367813  -0.3054458
  22.2607722 -13.0164939   1.3488947  21.2900000 -14.7400000   0.5340000
  21.8570000 -15.5760000   1.2410000  20.1490000 -15.0130000  -0.0980000
  19.6783933 -14.2928478  -0.6271592  19.5260000 -16.3320000  -0.0170000
  20.2831435 -17.1094482  -0.1190154  18.8310000 -16.5010000   1.3350000
  19.5353982 -16.2936869   2.1405704  17.9875460 -15.8141172   1.4048387
  18.3660000 -17.8300000   1.4470000  17.9279199 -17.9454667   2.2933764
  18.5100000 -16.6060000  -1.1080000  17.6050000 -15.8120000  -1.3670000
  18.5960000 -17.8020000  -1.6820000  19.4719116 -18.3026929  -1.6352566
  17.5390000 -18.3370000  -2.5300000  17.2250661 -17.5850308  -3.2539386
  18.0470000 -19.5680000  -3.2910000  18.5209087 -20.2789437  -2.6141921
  17.2160886 -20.0531746  -3.8031444  19.0750000 -19.2300000  -4.3550000
  18.6640000 -18.6360000  -5.5640000  17.6058774 -18.4437768  -5.7415579
  19.6150000 -18.2910000  -6.5410000  19.2941917 -17.8322678  -7.4762793
  20.9800000 -18.5380000  -6.3110000  21.7185001 -18.2610425  -7.0633377
  21.3920000 -19.1420000  -5.1110000  22.4492912 -19.3408183  -4.9357664
  20.4400000 -19.4900000  -4.1360000  20.7590003 -19.9627428  -3.2071012
  16.2160000 -18.5880000  -1.8300000  15.1970000 -18.6080000  -2.5160000
  16.1970000 -18.6480000  -0.4970000  17.0566665 -18.8222762   0.0037002
  14.9510000 -18.5840000   0.2660000  14.3224966 -19.4253904  -0.0257959
  15.1740000 -18.6410000   1.7910000  14.1990357 -18.6979920   2.2750411
  15.7447119 -19.5416064   2.0174863  15.8740000 -17.5050000   2.2710000
  15.9916590 -17.5794169   3.2208517  14.0700000 -17.3790000  -0.0560000
  12.8450000 -17.4510000   0.0810000  14.6780000 -16.2800000  -0.5030000
  15.6861683 -16.2633456  -0.4445311  13.9870000 -15.0520000  -0.8770000
  12.9643277 -15.0630091  -0.5000128  14.7300000 -13.8330000  -0.2620000
  15.7919011 -14.0788817  -0.2592515  14.5511570 -13.0046756  -0.9475610
  14.3540000 -13.4830000   0.9620000  14.7380000 -12.3370000   1.4010000
  13.6110000 -14.2750000   1.6710000  13.6970000 -14.9150000  -2.3710000
  13.0150000 -13.9720000  -2.7760000  14.0870000 -15.9030000  -3.1790000
  14.7548164 -16.5755968  -2.8300958  13.5960000 -16.0600000  -4.5430000
  13.8611998 -15.1715118  -5.1160244  14.0707499 -16.9341736  -4.9885697
  12.0810000 -16.2430000  -4.5830000  11.4710000 -16.7510000  -3.6350000
  11.4510000 -15.8430000  -5.6900000  11.9357560 -15.3268722  -6.4102243
  10.0160000 -16.0700000  -5.8470000   9.5050693 -15.6635400  -4.9741659
   9.4370000 -15.4160000  -7.1000000   9.7400204 -14.3691560  -7.1198878
   9.8360530 -15.9259393  -7.9768230   7.9050000 -15.5050000  -7.1100000
   7.6540054 -16.5649132  -7.0689325   7.5582682 -15.0145367  -6.2004260
   7.0870000 -14.7550000  -8.5390000   7.5490000 -15.9400000  -9.8280000
   7.1672909 -16.9273837  -9.5682491   7.1232174 -15.6255408 -10.7808511
   8.6349801 -15.9813724  -9.9118862   9.7070000 -17.5660000  -5.8500000
  10.2800000 -18.3080000  -6.6550000   8.7930000 -18.0320000  -4.9870000
   8.1600000 -17.3360000  -3.8740000   7.3704900 -16.6980410  -4.2712185
   8.9115886 -16.7190738  -3.3814398   7.6220000 -18.4360000  -2.9630000
   6.7296011 -18.1069380  -2.4306078   8.3758292 -18.7567451  -2.2439969
   7.3010000 -19.5540000  -3.9510000   6.2961732 -19.4551588  -4.3616734
   7.4060594 -20.5315218  -3.4803481   8.3350000 -19.3980000  -5.0650000
   9.1986257 -20.0357167  -4.8764097   7.7080000 -19.7750000  -6.4040000
   7.0290000 -18.9640000  -7.0350000   7.8414086 -20.9092891  -6.8579089
   2.4570000 -18.5140000  -3.6100000   1.9239161 -17.9020281  -4.2111750
   3.8280000 -18.1690000  -3.3260000   3.9227294 -18.0623489  -2.2453747
   4.4517729 -18.9960892  -3.6650137   4.3000000 -16.8890000  -3.9920000
   4.8840000 -16.0250000  -3.3450000   4.1033448 -16.7002048  -5.1903844
   2.7770000 -14.1090000  -2.0340000   3.2761908 -13.7608174  -2.8400263
   1.9693721 -13.5238138  -1.8746430   2.6658382 -15.1084685  -2.1278362
   3.6240000 -13.9240000  -0.8620000   3.1060379 -13.2695184  -0.1609520
   3.9650000 -15.2620000  -0.1360000   3.8704194 -14.7026411  -1.0667370
   3.6844926 -14.6230862   0.7013797   5.4560000 -15.6890000   0.0400000
   5.9920000 -15.3580000   1.0320000   6.3210000 -14.8160000   0.8970000
   7.2921209 -15.0550988   1.0379104   5.9294580 -13.9919609   1.3303074
   4.8630000 -13.0840000  -1.1600000   5.1500000 -12.1560000  -0.4060000
   5.6090000 -13.4420000  -2.2070000   5.4026906 -14.3206453  -2.6603412
   6.7720000 -12.6900000  -2.6560000   7.5387942 -12.6920722  -1.8813249
   7.3560000 -13.3280000  -3.9270000   7.7207533 -14.3258908  -3.6835494
   6.6043537 -13.3982594  -4.7132515   8.5290000 -12.5690000  -4.5150000
   9.8450000 -12.9380000  -4.1840000  10.0262530 -13.7953582  -3.5357838
  10.9260000 -12.2000000  -4.6900000  11.9444238 -12.5019078  -4.4455305
  10.7030000 -11.0810000  -5.5050000  11.5455376 -10.4937256  -5.8701564
   9.3900000 -10.7170000  -5.8510000   9.2114995  -9.8523195  -6.4901912
   8.3050000 -11.4720000  -5.3700000   7.2873826 -11.2088769  -5.6586538
   6.4130000 -11.2160000  -2.8380000   7.0460000 -10.3690000  -2.2240000
   5.3680000 -10.9180000  -3.6140000   4.9420156 -11.6817453  -4.1193017
   4.8710000  -9.5580000  -3.8590000   5.6296233  -8.9706347  -4.3762928
   3.6080000  -9.6090000  -4.7340000   2.8875103 -10.2624628  -4.2420852
   3.2014410  -8.5993331  -4.7921594   3.8870000 -10.1300000  -6.1500000
   4.4402485  -9.3527608  -6.6771776   4.5128484 -11.0168668  -6.0505859
   2.3990000 -10.5530000  -7.1010000   2.2880000  -8.7230000  -7.9060000
   3.1976778  -8.5179897  -8.4704078   1.4275543  -8.6705181  -8.5730678
   2.1782566  -7.9828742  -7.1133642   4.6160000  -8.7560000  -2.5940000
   5.1150000  -7.6440000  -2.4580000   3.8220000  -9.3140000  -1.6850000
   3.3712327 -10.1907658  -1.9045220   3.4460000  -8.6330000  -0.4510000
   3.0761236  -7.6375322  -0.6966306   2.3460000  -9.4210000   0.2980000
   2.7055057 -10.4328872   0.4849236   1.9990000  -8.7450000   1.6360000
   1.6389560  -7.7331626   1.4498442   1.2231406  -9.3186349   2.1430364
   2.8887435  -8.7036507   2.2642881   1.0490000  -9.5020000  -0.5480000
   0.5545028  -8.5326712  -0.4849534   1.3415263  -9.6936025  -1.5803838
   0.0850000 -10.5990000  -0.0780000  -0.2083532 -10.4078073   0.9542253
  -0.8012058 -10.6009745  -0.7126138   0.5786716 -11.5687389  -0.1412030
   4.6540000  -8.3110000   0.4190000   4.8220000  -7.1850000   0.8770000
   5.5130000  -9.3000000   0.6250000   5.2411850 -10.2428720   0.3858175
   6.7610000  -9.1040000   1.3550000   6.5614737  -8.5973957   2.2992672
   7.3990000 -10.4720000   1.6560000   7.4917154 -11.0116606   0.7135195
   8.7700000 -10.3520000   2.3090000   8.6780139  -9.8128177   3.2518266
   9.1713571 -11.3476212   2.4980804   9.4430466  -9.8095702   1.6450121
   6.4900000 -11.2490000   2.6250000   5.5108812 -11.3937198   2.1683989
   6.9357579 -12.2195335   2.8428629   6.3787017 -10.6847869   3.5509466
   7.6900000  -8.1010000   0.6620000   8.2590000  -7.2330000   1.3190000
   7.7730000  -8.1400000  -0.6670000   7.3836196  -8.9369620  -1.1500464
   8.5080000  -7.1480000  -1.4480000   9.5438885  -7.1168596  -1.1102657
   8.4900000  -7.4900000  -2.9430000   8.4065898  -8.5707542  -3.0575088
   7.6649214  -7.0051217  -3.4647646   9.7560000  -7.0760000  -3.6570000
  10.6970000  -8.0550000  -4.0090000  10.5104605  -9.1007745  -3.7647489
  11.8760000  -7.6900000  -4.6740000  12.5794646  -8.4617375  -4.9865052
  12.1530000  -6.3390000  -4.9380000  13.0816328  -6.0512590  -5.4308957
  11.2230000  -5.3550000  -4.5620000  11.4353896  -4.3039248  -4.7575296
  10.0210000  -5.7240000  -3.9350000   9.2915787  -4.9610482  -3.6630644
   8.0180000  -5.7170000  -1.1990000   8.8190000  -4.7980000  -1.0340000
   6.7040000  -5.5170000  -1.1810000   6.1140953  -6.2633615  -1.5201995
   6.0820000  -4.2410000  -0.8490000   6.4809341  -3.4412245  -1.4729471
   4.5680000  -4.3570000  -1.1060000   4.4457605  -4.5805598  -2.1658008
   4.2128582  -5.2004801  -0.5139564   3.7560000  -3.1060000  -0.7510000
   2.7331790  -3.2732215  -1.0886019   3.7657849  -2.9886301   0.3326192
   4.2750000  -1.8180000  -1.3860000   4.8480000  -1.8010000  -2.4660000
   4.0910000  -0.7080000  -0.7160000   4.4177333   0.1683962  -1.0971515
   3.6232096  -0.7334625   0.1787766   6.4360000  -3.7470000   0.5510000
   6.8650000  -2.6030000   0.6820000   6.3240000  -4.6040000   1.5660000
   5.8378480  -5.4741274   1.4028012   6.7900000  -4.3140000   2.9210000
   6.1356228  -3.5577262   3.3545200   6.6790000  -5.5960000   3.7570000
   7.3355752  -6.3599294   3.3405616   6.9729609  -5.3863085   4.7854536
   5.6495068  -5.9536902   3.7396577   8.2050000  -3.7450000   2.9520000
   8.4650000  -2.7070000   3.5520000   9.1100000  -4.4500000   2.2850000
   8.7727060  -5.1915898   1.6880270  10.5470000  -4.2750000   2.4220000
  10.8104425  -3.8974658   3.4100107  11.1950000  -5.6690000   2.2360000
  10.8463480  -6.0340270   1.2699274  12.2701354  -5.4951669   2.1916615
  10.8860000  -6.7290000   3.3330000  11.4732636  -6.4137889   4.1954757
   9.8248933  -6.6682801   3.5747948  11.1970000  -7.9800000   3.0200000
  11.3380000  -8.3350000   1.8070000  11.3220000  -8.8920000   3.9730000
  11.1930000  -3.2670000   1.4950000  12.3510000  -2.8950000   1.7050000
  10.4750000  -2.9580000   0.3720000   9.5855843  -3.4035327   0.1972442
  11.0030000  -2.0460000  -0.6390000  11.8543815  -1.4924928  -0.2429211
  11.4680000  -2.8540000  -1.8610000  10.5966013  -3.3277534  -2.3130191
  11.9686541  -2.2320925  -2.6030758  12.4220000  -3.9560000  -1.5110000
  13.7610000  -3.7320000  -1.2720000  14.2102516  -2.8296445  -1.3354609
  14.3490000  -4.8720000  -0.9520000  15.4120782  -4.9030613  -0.7132555
  13.4400000  -5.8320000  -0.9910000  12.2210000  -5.2820000  -1.3180000
  11.3354014  -5.9148478  -1.3756189  10.0330000  -0.9640000  -1.0760000
  10.4020000  -0.0710000  -1.8320000   8.8631954  -0.9859945  -0.6998178
  16.2200000  -2.8590000  -6.3920000  16.8303554  -3.6247054  -6.6395129
  16.7783015  -2.0270829  -6.2642748  15.4370461  -2.8487165  -7.0299475
  15.6450000  -3.1430000  -5.0800000  15.9101198  -2.3556508  -4.3743855
  14.1180000  -3.2090000  -5.1890000  13.8561632  -3.8064867  -6.0622413
  13.7245749  -3.6863664  -4.2915380  13.5130000  -1.8080000  -5.3290000
  13.5760204  -1.3325527  -4.3501848  14.1332348  -1.2606706  -6.0388179
  11.7940000  -1.7790000  -5.8950000  12.0640000  -1.8890000  -7.6820000
  12.5945179  -2.8125725  -7.9136541  11.1029137  -1.8838995  -8.1961865
  12.6573416  -1.0368400  -8.0134669  16.2170000  -4.4070000  -4.4240000
  16.2260000  -4.5260000  -3.2030000  16.7600000  -5.3210000  -5.2300000
  16.4407887  -5.3136307  -6.1882010  17.6650000  -6.3800000  -4.8130000
  17.0572722  -7.0555539  -4.2110090  18.1690000  -7.1400000  -6.0430000
  18.7867416  -6.4791862  -6.6511286  18.7608945  -7.9976996  -5.7234496
  17.3186566  -7.4849031  -6.6312663  18.8260000  -5.9200000  -3.9350000
  19.2240000  -6.6190000  -3.0090000  19.4155687  -4.8699006  -4.1802336
  18.6250000  -2.9730000  -2.2690000  19.1065459  -2.3597459  -2.9109766
  17.9078861  -3.4735009  -2.7743186  19.3109340  -3.4814368  -1.7294761
  17.9140000  -2.1510000  -1.3080000  16.8453478  -2.3610592  -1.3522354
  18.4140000  -2.4560000   0.1050000  19.3889603  -1.9835686   0.2248344
  17.7091892  -2.0178071   0.8116320  18.5510000  -3.9330000   0.4110000
  17.7090000  -4.7530000   0.0660000  19.6190000  -4.3080000   1.0680000
  19.7525269  -5.2832471   1.2941935  20.3046762  -3.6203938   1.3457529
  17.7810000  -0.6510000  -1.5730000  17.3040000   0.0820000  -0.7110000
  15.3540000   1.6060000  -2.6990000  15.6206867   2.4931152  -3.1014973
  13.9460000   1.3200000  -2.5430000  13.6056825   0.6113201  -3.2980205
  13.7370000   0.6970000  -1.1560000  14.2160853   1.3831947  -0.4576352
  12.6746824   0.6249975  -0.9227684  14.3620000  -0.6730000  -0.9940000
  14.5580000  -1.4330000  -1.9340000  14.6400000  -1.0760000   0.2190000
  15.0573667  -1.9844155   0.3628268  14.4359868  -0.4768678   1.0060959
  13.1060000   2.5910000  -2.7290000  12.9020000   3.1470000  -3.8120000
  12.5948355   3.1481917  -1.7601410   2.0870000  -1.3480000   4.8010000
   1.6343349  -1.3017287   5.7026943   3.4210000  -1.9280000   4.7270000
   3.4211372  -2.7897324   4.0595298   4.4130000  -0.8780000   4.1780000
   4.1132783  -0.0692700   4.8444998   5.4787029  -1.0720439   4.2993440
   4.1580000  -0.4440000   2.7410000   3.3710000  -1.0270000   2.0100000
   4.9710000   0.3830000   2.1950000   4.8181739   0.6824236   1.2425876
   5.7605561   0.7312724   2.7197937   3.8910000  -2.5040000   6.0680000
   4.2850000  -3.6620000   6.1440000   3.9117338  -1.8010263   7.0758878
   2.3200000  -5.8310000   6.8960000   2.8984353  -5.5527997   7.6758194
   1.4830972  -6.2696008   7.2528240   2.2488254  -5.0562333   6.2519734
   3.0210000  -6.8780000   6.1630000   2.4192225  -7.7867229   6.1493714
   3.2780000  -6.4360000   4.7100000   4.0428741  -5.6607146   4.7547135
   3.6745522  -7.3072542   4.1886915   2.0540000  -5.9030000   3.9560000
   1.3667891  -6.7323634   3.7886732   1.5695619  -5.1502338   4.5779043
   2.4960000  -5.1630000   2.3590000   1.0300000  -4.1460000   2.0620000
   0.9201381  -3.4215729   2.8689911   1.1385459  -3.6192898   1.1138993
   0.1466178  -4.7834040   2.0238771   4.3180000  -7.2730000   6.8460000
   4.5500000  -8.4430000   7.1530000   5.0930000  -6.1590000   7.1530000
   4.7627617  -5.2333608   6.9201179   6.4110000  -6.2900000   7.7530000
   7.0630573  -6.8694400   7.0994177   7.0340000  -4.9010000   7.9620000
   7.3220213  -4.5435374   6.9733831   6.2413741  -4.2675057   8.3601573
   8.2510000  -4.8490000   8.9000000   8.0121402  -5.3703961   9.8269266
   9.0700555  -5.3619481   8.3958853   8.6670000  -3.4150000   9.2160000
   8.5940000  -2.5580000   8.3040000   9.0430000  -3.1350000  10.3720000
   9.2703883  -2.2034646  10.4182130   6.3570000  -7.0500000   9.0760000
   7.1040000  -8.0080000   9.2870000   5.6100000  -6.5970000  10.0100000
   5.1917908  -5.6870741   9.8787171   5.5330000  -7.2060000  11.3240000
   6.5256615  -7.4146277  11.7229949   4.7400000  -6.3830000  12.3730000
   4.7933062  -6.8945984  13.3340020   5.3300000  -4.9510000  12.5150000
   5.2766111  -4.4385784  11.5544404   4.7572893  -4.3933443  13.2560284
   6.3701863  -5.0160465  12.8341912   3.2600000  -6.3410000  12.0440000
   2.8615962  -7.3554759  12.0293305   2.7357084  -5.7562019  12.7997971
   3.1175624  -5.8810975  11.0660930   5.1200000  -8.6730000  11.3060000
   5.6130000  -9.4740000  12.1000000   4.2260000  -9.0360000  10.3860000
   3.9086782  -8.3388732   9.7276532   3.6300000 -10.3630000  10.3270000
   3.6357943 -10.8151028  11.3188007   2.1780000 -10.2780000   9.8350000
   2.1611177  -9.6399237   8.9514431   1.8578561 -11.2836480   9.5624565
   1.2290000  -9.7100000  10.8920000   1.5355284  -8.6753255  11.0455900
   0.2349259  -9.7314175  10.4453906   1.1820000 -10.5620000  12.4930000
   0.6500000 -12.2200000  11.9950000   1.3767941 -12.6422026  11.3010157
   0.5759490 -12.8581648  12.8755469  -0.3233867 -12.1589230  11.5082873
   4.3520000 -11.3940000   9.4730000   4.1520000 -12.6010000   9.6710000
   5.1390000 -10.9910000   8.5010000   5.2352795 -10.0043160   8.3079087
   5.8260000 -11.9320000   7.6350000   5.0949936 -12.6392130   7.2431090
   6.5500000 -11.2400000   6.4290000   6.6407171 -12.0190329   5.6720473
   5.9015930 -10.4466229   6.0572188   7.8110000 -10.6840000   6.5790000
   8.0920000  -9.6820000   7.4880000   7.4101196  -9.2502042   8.0951995
   9.3770000  -9.3880000   7.4320000   9.7983247  -8.6203309   8.0810521
   9.9430000 -10.1560000   6.5150000   8.9860000 -10.9750000   5.9670000
   9.2587835 -11.6860814   5.1872221   6.8190000 -12.7460000   8.4490000
   7.4970000 -12.2110000   9.3250000   6.9050000 -14.0310000   8.1200000
   6.1986137 -14.3998964   7.4994895   7.8960000 -14.9580000   8.6740000
   7.6089092 -15.9934636   8.4909887   9.2610000 -14.6850000   7.9630000
   9.5997956 -13.7037513   8.2953671   9.9575130 -15.4469867   8.3127797
   9.2000000 -14.7130000   6.4130000   8.9556679 -15.7538350   6.2007144
   8.3689521 -14.0761425   6.1098975  10.2910000 -14.3680000   5.7380000
  11.2690000 -13.7440000   6.3330000  10.2650000 -14.6410000   4.4740000
   8.0010000 -14.8620000  10.1820000   9.0760000 -14.7430000  10.7500000
   6.8340000 -14.9290000  10.8120000   6.0836793 -15.2762791  10.2319005
   6.5210000 -14.5270000  12.1850000   6.7280276 -13.4707700  12.3570960
   5.0090000 -14.7690000  12.3680000   4.6752829 -14.2943124  13.2907155
   4.4688359 -14.3406663  11.5236938   4.7320000 -16.2800000  12.4400000
   5.5069805 -16.7798942  11.8589563   4.8152014 -16.5755533  13.4858622
   3.3580000 -16.6800000  11.9060000   2.5889230 -16.4626659  12.6472054
   3.1395159 -16.1369368  10.9865183   3.3400000 -18.1230000  11.6170000
   2.6795136 -18.6553460  12.1651467   4.0550000 -18.7550000  10.7030000
   4.6590000 -18.1500000   9.7150000   4.5904642 -17.1464585   9.6238556
   5.1916295 -18.6886772   9.0469938   4.2010000 -20.0350000  10.8220000
   3.7729077 -20.5190115  11.5982537   4.7423794 -20.5441816  10.1380840
   7.2620000 -15.2030000  13.3490000   6.8910000 -15.0320000  14.5100000
   8.2210000 -16.0400000  13.0050000   8.3558566 -16.0956102  12.0055899
   9.0630000 -16.8560000  13.8590000   8.8574197 -16.6634990  14.9119859
   8.7490000 -18.3360000  13.5580000   8.9589423 -18.4808087  12.4982576
   9.4195657 -18.9596091  14.1492303   7.3210000 -18.7650000  13.8320000
   6.7420000 -18.4910000  14.8670000   6.6920000 -19.4860000  12.9310000
   5.7402952 -19.7798459  13.0983686   7.1632478 -19.7428835  12.0754083
  10.5550000 -16.5930000  13.6100000  11.4070000 -16.9690000  14.4120000
  10.8690000 -16.0410000  12.4400000  10.0975910 -15.7010953  11.8836797
  12.1960000 -15.9790000  11.8790000  12.6479972 -16.9605977  12.0213504
  12.1070000 -15.6940000  10.3750000  11.6646893 -14.7104499  10.2166003
  13.1064560 -15.7165751   9.9406289  11.4864975 -16.4520901   9.8971138
  13.1010000 -14.9600000  12.5790000  14.2750000 -15.2480000  12.8200000
  12.5740000 -13.7720000  12.8620000  11.5974716 -13.6272302  12.6486146
  13.3440000 -12.6440000  13.3860000  14.3497538 -12.6485761  12.9658363
  12.6550000 -11.3170000  13.0020000  11.7707294 -11.1096443  13.6046345
  13.3889415 -10.5248630  13.1501514  12.2800000 -11.2500000  11.7530000
  10.9780000 -11.6100000  11.3800000  10.2187287 -11.8957411  11.9816301
  10.9280000 -11.5030000  10.0600000   9.9880051 -11.7437925   9.5634847
  12.1400000 -11.0860000   9.5500000  12.3799438 -10.9220910   8.5827045
  13.0070000 -10.9230000  10.6260000  14.0322625 -10.5948622  10.4549339
  13.5300000 -12.7650000  14.8940000  12.5880000 -13.0620000  15.6250000
  14.7460000 -12.5170000  15.3540000  15.4596720 -12.4187777  14.6460989
  15.1390000 -12.3940000  16.7550000  14.3483331 -12.7719065  17.4031757
  16.4170000 -13.2160000  17.0070000  17.1739153 -12.8092166  16.3363990
  16.7269868 -13.0612599  18.0404717  16.2970000 -14.7070000  16.7550000
  15.2300000 -15.3030000  16.7300000  17.4250000 -15.3580000  16.5890000
  17.4096344 -16.3532516  16.4177170  18.3028651 -14.8605199  16.6333537
  15.3980000 -10.9450000  17.1410000  15.1150000 -10.5310000  18.2660000
  15.9630000 -10.1950000  16.2030000  16.0939086 -10.6222309  15.2972208
  16.4830000  -8.8610000  16.4140000  16.4572908  -8.5830015  17.4676390
  17.9490000  -8.8730000  15.9440000  18.0000840  -9.0454563  14.8689426
  18.4083841  -7.9130444  16.1796939  18.8120000  -9.9400000  16.5970000
  18.9600000  -9.9770000  17.9980000  18.4685416  -9.2219628  18.6115857
  19.7360000 -10.9800000  18.6050000  19.8492204 -11.0001933  19.6889161
  20.3660000 -11.9570000  17.8140000  20.9641757 -12.7386515  18.2823020
  20.2230000 -11.9240000  16.4170000  20.7046551 -12.6853150  15.8033975
  19.4600000 -10.9110000  15.8100000  19.3677310 -10.8744975  14.7245259
  15.6190000  -7.7940000  15.7080000  14.8260000  -8.1440000  14.8300000
  15.6750000  -6.5160000  16.1300000  16.6380000  -5.9220000  17.0510000
  17.6406721  -6.1468836  16.6874395  16.4971446  -6.3767116  18.0315591
  16.3380000  -4.4260000  17.0550000  16.8721128  -3.9147961  16.2540673
  16.6003129  -3.9745689  18.0118193  14.8310000  -4.3890000  16.8310000
  14.4485185  -3.4714159  16.3839582  14.3311199  -4.5642407  17.7836333
  14.5850000  -5.5710000  15.8860000  13.6734249  -6.0699567  16.2148941
  14.4130000  -5.0960000  14.4350000  13.2840000  -4.8020000  14.0530000
  15.4850000  -4.9760000  13.6430000  16.3912865  -5.1883105  14.0350057
  15.4180000  -4.5300000  12.2440000  14.4527051  -4.0621752  12.0504933
  16.5290000  -3.5040000  11.9540000  17.4727875  -4.0159386  12.1418384
  16.4520540  -3.2623245  10.8939187  16.4760000  -2.2080000  12.7800000
  16.5521214  -2.4429766  13.8416461  17.6470000  -1.3140000  12.3710000
  17.5713053  -1.0782017  11.3095066  17.6199593  -0.3911928  12.9504794
  18.5857260  -1.8343699  12.5610238  15.1780000  -1.4290000  12.5630000
  14.3292697  -2.0476931  12.8545049  15.1917008  -0.5230759  13.1689827
  15.0865662  -1.1602110  11.5106259  15.5650000  -5.7150000  11.2890000
  16.4160000  -6.5810000  11.5010000  14.7690000  -5.7660000  10.2260000
  13.9611929  -5.1604151  10.1974690  14.9390000  -6.7500000   9.1510000
  15.4536121  -7.6349222   9.5254145  13.5480000  -7.1750000   8.6170000
  12.9450709  -7.3795666   9.5017193  13.1749813  -6.2776752   8.1232741
  13.4710000  -8.2010000   7.7840000  14.4320000  -9.0590000   7.6560000
  12.3550000  -8.3010000   7.1230000  15.8750000  -6.2030000   8.0670000
  15.5120000  -5.3280000   7.2700000  17.1170000  -6.6830000   8.0840000
  17.2994350  -7.4288426   8.7401522  18.2430000  -6.1360000   7.3240000
  18.0016078  -5.1381373   6.9578048  19.4830000  -6.0400000   8.2340000
  18.5588316  -6.0514721   7.6561761  19.7209848  -7.0531913   8.5578929
  19.3050000  -5.1330000   9.4710000  20.2461481  -5.1306514  10.0208506
  18.9260000  -3.6980000   9.1040000  17.9846521  -3.6994976   8.5544906
  18.8144118  -3.1072764  10.0132274  19.7083524  -3.2627191   8.4822640
  20.6080000  -5.0870000  10.2640000  21.4032920  -4.6881665   9.6342843
  20.4804374  -4.4464149  11.1366281  20.8722894  -6.0935155  10.5883094
  18.5340000  -6.9160000   6.0260000  19.2810000  -6.4330000   5.1640000
  17.9370000  -8.1010000   5.8820000  17.6221582  -8.4828155   6.7624493
  17.7680000  -8.9140000   4.6700000  17.5647421  -8.2397648   3.8380191
  19.0790000  -9.6540000   4.3910000  19.2913965 -10.3397598   5.2111958
  18.9885991 -10.2166399   3.4618260  19.8916624  -8.9331729   4.3010701
  16.7420000  -9.7520000   4.7460000  16.3180000 -10.2990000   3.6670000
  16.3080000 -10.0590000   5.6630000  23.9170000  -7.0980000   8.8130000
  24.8792314  -7.0335819   9.1131005  23.0730000  -8.1300000   9.4100000
  22.2149474  -7.6810585   9.9102963  22.5640000  -9.0570000   8.3030000
  22.0031361  -8.4633437   7.5811252  23.4213555  -9.5140219   7.8088617
  21.7280000 -10.0710000   8.8310000  21.4228366 -10.6373605   8.1184616
  23.7860000  -8.9210000  10.5080000  23.2540000  -9.0770000  11.6060000
  24.8893421  -9.4209451  10.3003207  24.2260000  -6.6540000  13.5100000
  24.8774639  -7.4223773  13.5827364  23.0470000  -6.6710000  14.3520000
  23.0520844  -5.7900597  14.9938859  21.7500000  -6.6650000  13.5170000
  21.7528603  -5.7863612  12.8719535  21.7244043  -7.5655009  12.9033690
  20.5060000  -6.6290000  14.4290000  20.5195393  -7.5886577  14.9456958
  20.5947015  -5.8232899  15.1577423  19.1720000  -6.4850000  13.7030000
  18.2820000  -5.7710000  14.1440000  18.9420000  -7.1940000  12.6240000
  18.0598980  -7.1010988  12.1409195  19.6480376  -7.8296383  12.2811061
  23.0500000  -7.8110000  15.3750000  22.7900000  -7.5930000  16.5570000
  23.2214854  -8.9730449  15.0134977  19.1590000 -16.3670000  14.0930000
  19.8362521 -16.8507257  13.5207777  18.1690000 -15.5240000  13.4300000
  17.1697253 -15.8921239  13.6624520  18.2708530 -14.4997419  13.7886373
  18.3640000 -15.5420000  11.9270000  19.0480000 -16.4230000  11.3930000
  17.8446275 -14.6810559  11.2202684  17.7740000 -14.5720000  11.2350000
  18.7067789 -14.4551486  11.6042834  17.4429751 -15.4954035  11.4755180
  17.2248552 -13.7596837  11.4772432  17.8580000 -14.5600000   9.7840000
  17.4916462 -15.5203120   9.4211157  17.0410000 -13.4260000   9.1010000
  17.2829982 -12.5151130   9.6485591  17.4283542 -13.3522154   8.0848245
  15.4980000 -13.6080000   9.0550000  15.2846723 -14.6757453   9.0048796
  15.1273639 -13.2078723   9.9987298  14.8960000 -12.9880000   8.0440000
  15.2090000 -11.7610000   7.7870000  14.0330000 -13.6570000   7.3300000
  19.2680000 -14.5700000   9.2050000  19.5210000 -15.2260000   8.1860000
  20.1960000 -13.9010000   9.8830000  19.8742742 -13.3551111  10.6695095
  21.6020000 -13.8040000   9.5020000  21.7187877 -13.4485321   8.4782313
  22.3240000 -12.8260000  10.4480000  21.5931125 -12.0674015  10.7280571
  22.9120000 -13.4570000  11.7100000  23.6433643 -14.2154289  11.4307304
  23.3983716 -12.6871274  12.3090308  22.1141516 -13.9190403  12.2914269
  23.3700000 -12.1880000   9.7620000  23.8172469 -11.5795977  10.3548045
  22.3480000 -15.1320000   9.4160000  23.4900000 -15.1800000   8.9590000
  21.7160000 -16.2510000   9.7670000  20.9105514 -16.1831112  10.3725931
  22.2010000 -17.5810000   9.4060000  23.1498475 -17.7785496   9.9047602
  21.1820000 -18.6570000   9.8400000  21.6925880 -19.6189378   9.7944499
  20.9073746 -18.4405391  10.8723883  19.9110000 -18.7090000   8.9710000
  19.3915031 -17.7644689   9.1325080  20.2500923 -18.7643074   7.9365632
  18.7690000 -20.0820000   9.2990000  18.0870000 -19.5350000  10.8850000
  17.5981200 -18.5692101  10.7571514  17.3599836 -20.2655257  11.2397957
  18.8918350 -19.4405691  11.6139888  22.5550000 -17.7460000   7.9290000
  23.4280000 -18.5510000   7.6010000  21.8960000 -16.9940000   7.0350000
  21.0297409 -16.5575453   7.3164283  22.2770000 -16.9340000   5.6210000
  22.4205891 -17.9471805   5.2455714  21.2000000 -16.2430000   4.7700000
  21.4819093 -16.3990419   3.7287136  20.2641125 -16.7630552   4.9743460
  21.0180000 -14.7410000   5.0310000  20.6224686 -14.6284894   6.0404539
  22.0020470 -14.2758273   4.9729665  20.0740000 -14.0630000   4.0350000
  20.1679207 -12.9853211   4.1687389  20.4000873 -14.3337585   3.0307807
  18.6450000 -14.4390000   4.1890000  18.4889775 -15.4031309   4.4463091
  17.6940000 -13.7370000   4.0010000  17.8600000 -12.5530000   3.4180000
  18.7841864 -12.2559741   3.1391540  17.0610976 -11.9564396   3.2568473
  16.5220000 -14.1540000   4.4310000  16.4481990 -15.0435487   4.9036062
  15.7018937 -13.5825071   4.2863620  23.6650000 -16.3620000   5.3750000
  24.3430000 -16.7810000   4.4350000  24.0770000 -15.4110000   6.2080000
  23.4358930 -15.1562733   6.9456960  25.2700000 -14.5980000   6.0190000
  25.5450418 -14.5802318   4.9644217  25.0090000 -13.1640000   6.4800000
  24.5877807 -13.1967735   7.4847883  25.9184736 -12.5632464   6.4872741
  24.0080000 -12.4250000   5.6140000  24.1730000 -12.3530000   4.2160000
  24.9938286 -12.8894232   3.7399848  23.2850000 -11.5940000   3.4370000
  23.4195951 -11.5387229   2.3567550  22.2250000 -10.9070000   4.0480000
  21.5431959 -10.3043425   3.4479608  22.0440000 -10.9980000   5.4390000
  21.2150695 -10.4736645   5.9144436  22.9280000 -11.7620000   6.2150000
  22.7776834 -11.8430346   7.2915399  26.5650000 -15.1640000   6.5810000
  27.6270000 -14.5990000   6.3240000  26.5430449 -16.1008319   7.3761752
  20.4130000  -0.1720000   3.1670000  20.9527474   0.6432502   2.9137427
  18.9720000  -0.1360000   2.9640000  18.6499607  -0.9334552   2.2943322
  18.2930000  -0.3420000   4.3420000  18.9900865   0.0819664   5.0647878
  17.3844599   0.2597351   4.3181312  17.9420000  -1.7860000   4.7530000
  17.0651963  -2.0638899   4.1681126  19.0400000  -2.8230000   4.5460000
  19.9170288  -2.5460165   5.1309781  18.6825428  -3.8007980   4.8688562
  19.3066505  -2.8647271   3.4899428  17.5880000  -1.7960000   6.2370000
  16.7335135  -1.1422010   6.4116400  17.3368751  -2.8111802   6.5443218
  18.4403398  -1.4417727   6.8167749  18.6800000   1.1600000   2.2130000
  19.5953082   1.9147633   1.8920895  17.5259882   1.4646927   1.9199836
  14.8830000   0.9420000   6.7170000  14.5737874   1.8981816   6.6159787
  15.7113453   0.8076139   6.1549637  14.8955375   0.7069448   7.6991871
  13.8680000   0.0710000   6.1240000  13.0535211   0.6577774   5.6992464
  13.2770000  -0.9230000   7.1540000  14.1165902  -1.4915238   7.5539602
  12.5000000  -0.2830000   8.3060000  11.6599217   0.2853549   7.9068231
  12.1275824  -1.0622743   8.9709340  13.1581045   0.3845645   8.8621994
  14.3630000  -1.8200000   7.7620000  15.1044954  -1.2016621   8.2679100
  13.9102070  -2.5039282   8.4798582  14.8469838  -2.3926189   6.9708186
  12.7750000   0.8870000   5.4370000  12.6770000   2.1000000   5.6040000
  11.9580000   0.2560000   4.6020000  12.0334388  -0.7434874   4.4777695
  11.0320000   0.9920000   3.7460000  11.5845173   1.8598947   3.3860240
  10.6820000   0.1020000   2.5470000  10.1205245  -0.7668538   2.8904215
  10.0773527   0.6677256   1.8381584  11.5990218  -0.2282997   2.0590733
   9.7850000   1.5290000   4.4480000   8.9400000   2.1800000   3.8240000
   9.5846282   1.2861191   5.6359813   1.5990000 -21.4570000   1.4720000
   0.6736160 -21.7945820   1.6951642   1.7550000 -20.0530000   1.1180000
   2.4257170 -19.5868622   1.8397710   2.3320000 -19.8470000  -0.2940000
   1.9260759 -20.6015995  -0.9677243   2.0948953 -18.8541282  -0.6762132
   3.8330000 -19.9830000  -0.3480000   4.4090000 -21.0960000  -0.9320000
   3.7710290 -21.8655655  -1.3665824   5.8150000 -21.2400000  -0.9680000
   6.2660511 -22.1188495  -1.4287354   6.6250000 -20.2520000  -0.4110000
   7.7093868 -20.3608745  -0.4297472   6.0430000 -19.1150000   0.1750000
   6.6687975 -18.3298768   0.5993339   4.6600000 -18.9960000   0.2110000
   4.1998704 -18.1256133   0.6787688   0.4250000 -19.2780000   1.1720000
   0.0390000 -18.5910000   2.1150000  -0.3325619 -19.2709427   0.2042760
   0.1780000 -18.4180000   4.9190000  -0.6521705 -18.2417515   4.3714119
   1.1110000 -17.3160000   5.1360000   1.1962854 -17.1288588   6.2064222
   2.5180000 -17.6260000   4.5750000   2.3735403 -17.9184112   3.5349393
   3.0747612 -16.6897616   4.6146818   3.3090000 -18.7260000   5.3130000
   3.2356870 -18.5177072   6.3803988   2.8231048 -19.6769759   5.0947049
   4.8030000 -18.8030000   4.9030000   5.0920907 -19.8537063   4.9262777
   4.8790426 -18.4283091   3.8822534   5.7420000 -17.9910000   5.8200000
   5.5005891 -16.9358140   5.6919228   5.5391440 -18.2872779   6.8491589
   7.1850000 -18.2110000   5.5150000   7.3732714 -17.9361195   4.5615356
   7.7500247 -17.6572536   6.1428631   7.4090029 -19.1886261   5.6340334
   0.6380000 -15.9580000   4.6640000   0.8940000 -14.9590000   5.3300000
   0.1082955 -15.8301914   3.5624022  -0.2480000 -12.0610000   6.6690000
  -1.2129313 -12.2837769   6.8674375   0.0550000 -10.7600000   6.0870000
   0.7189348 -10.2089391   6.7530493   0.7480000 -10.9130000   4.7150000
   0.3447500 -10.8788177   5.7270871   0.0207629 -11.3791822   4.0502441
   2.0470000 -11.7340000   4.7090000   2.3532537 -11.8782021   3.6728942
   3.1640000 -11.0430000   5.4760000   2.8586421 -10.8988610   6.5123780
   4.0622921 -11.6596045   5.4448404   3.3726809 -10.0746367   5.0212196
   2.5490000 -11.9740000   3.2830000   2.7429562 -11.0165189   2.7995641
   3.4691324 -12.5574913   3.3145530   1.7928872 -12.5191332   2.7180026
  -1.2020000  -9.8850000   5.9520000  -1.2390000  -8.7940000   5.3850000
  -2.2821427 -10.2728204   6.3916893   7.7420000 -12.3910000  15.8950000
   7.7771119 -11.8391189  15.0498410   8.7890000 -12.1990000  16.8890000
   8.3564158 -11.8827649  17.8381920   9.5360000 -13.5230000  17.1070000
   8.8022666 -14.3098111  17.2821081  10.1346308 -13.7735332  16.2312293
  10.4530000 -13.4380000  18.3130000  10.0440000 -13.0800000  19.4070000
  11.7190000 -13.7330000  18.1690000  12.3401663 -13.6804990  18.9636671
  12.0695858 -14.0119376  17.2638016   9.7090000 -11.0540000  16.4550000
   9.9820000 -10.9050000  15.2640000  10.1699884 -10.2749462  17.2862668
   9.9610000  -8.0500000  15.3240000   9.4430434  -8.3105230  16.1510115
   9.4250000  -6.9910000  14.4780000  10.1434674  -6.1729601  14.4258993
   9.1490000  -7.4960000  13.0480000   8.3631406  -8.2444771  13.1495198
   8.7664508  -6.6417434  12.4894289  10.3470000  -8.1080000  12.2940000
  10.5995714  -9.0756079  12.7276399   9.9680000  -8.2920000  10.8230000
   9.7157293  -7.3246905  10.3885227  10.8095344  -8.7244546  10.2817943
   9.1083697  -8.9581140  10.7493231  11.6210000  -7.2620000  12.3440000
  11.9304073  -7.1311421  13.3809391  12.4135196  -7.7646138  11.7895694
  11.4279087  -6.2867312  11.8971606   8.1990000  -6.3010000  15.0620000
   8.1530000  -5.0600000  14.9530000   7.4360000  -6.8860000  15.8470000
  11.8780000  -9.7270000   5.6380000  12.9510000 -12.9280000   5.6330000
  14.4290000 -10.6490000   6.3250000  12.1200000 -13.9750000   3.2320000
  14.6010000 -12.3130000   4.9600000  12.5010000 -11.1860000   6.6320000
  13.5040000  -9.5940000   4.7700000  11.7530000 -11.8480000   3.8560000
  14.0560000 -10.7050000   2.9940000  13.4860000 -14.6430000   4.4430000
   5.1460000 -15.1990000   3.6590000  17.0010000 -11.9210000  13.0550000
  29.0934625 -13.1734301  12.5947541   7.0934625   5.8265699  -0.4052459
   9.0934625  -6.1734301  21.5947541  28.0934625 -21.1734301   3.5947541
  -4.9065375 -15.1734301   0.5947541  15.0934625   6.8265699   2.5947541
  15.0934625 -22.1734301  17.5947541   2.0934625 -21.1734301  -9.4052459
   6.0934625   3.8265699   9.5947541  26.0934625 -10.1734301  20.5947541
  14.4330000  -8.5670000   2.0580000  15.3902000  -8.5670000   2.0580000
  14.1930120  -7.6403730   2.0580000  12.1600000 -10.7310000   1.4150000
  13.1172000 -10.7310000   1.4150000  11.9200120  -9.8043730   1.4150000
  11.0210000 -13.0610000   1.7440000  11.9782000 -13.0610000   1.7440000
  10.7810120 -12.1343730   1.7440000  11.8310000 -15.9150000   2.5280000
  12.7882000 -15.9150000   2.5280000  11.5910120 -14.9883730   2.5280000
  11.6630000  -4.0700000   7.3090000  12.6202000  -4.0700000   7.3090000
  11.4230120  -3.1433730   7.3090000   9.7790000 -10.7440000  -1.0050000
  10.7362000 -10.7440000  -1.0050000   9.5390120  -9.8173730  -1.0050000
  20.8830000  -9.6710000  12.7370000  21.8402000  -9.6710000  12.7370000
  20.6430120  -8.7443730  12.7370000  22.1830000  -5.3320000   5.6430000
  23.1402000  -5.3320000   5.6430000  21.9430120  -4.4053730   5.6430000
   7.9440000 -11.1990000  11.8910000   8.9012000 -11.1990000  11.8910000
   7.7040120 -10.2723730  11.8910000  18.7140000 -20.9100000  -0.1350000
  19.6712000 -20.9100000  -0.1350000  18.4740120 -19.9833730  -0.1350000
   9.7420000 -12.6210000  13.3480000  10.6992000 -12.6210000  13.3480000
   9.5020120 -11.6943730  13.3480000  19.8020000  -8.3460000  10.4920000
  20.7592000  -8.3460000  10.4920000  19.5620120  -7.4193730  10.4920000
   4.3360000 -15.1810000   9.3050000   5.2932000 -15.1810000   9.3050000
   4.0960120 -14.2543730   9.3050000  10.7670000 -22.5250000   7.1120000
  11.7242000 -22.5250000   7.1120000  10.5270120 -21.5983730   7.1120000
  14.0200000  -1.9780000   3.6700000  14.9772000  -1.9780000   3.6700000
  13.7800120  -1.0513730   3.6700000  15.7110000 -17.4590000   9.1570000
  16.6682000 -17.4590000   9.1570000  15.4710120 -16.5323730   9.1570000
  15.8970000 -17.2250000  11.9080000  16.8542000 -17.2250000  11.9080000
  15.6570120 -16.2983730  11.9080000  13.7480000  -4.1480000   5.5050000
  14.7052000  -4.1480000   5.5050000  13.5080120  -3.2213730   5.5050000
  15.7900000  -3.0420000   1.7920000  16.7472000  -3.0420000   1.7920000
  15.5500120  -2.1153730   1.7920000  12.4830000  -4.1770000  10.0500000
  13.4402000  -4.1770000  10.0500000  12.2430120  -3.2503730  10.0500000
  20.4110000 -12.3600000  12.9670000  21.3682000 -12.3600000  12.9670000
  20.1710120 -11.4333730  12.9670000  17.4650000  -9.3960000   9.2270000
  18.4222000  -9.3960000   9.2270000  17.2250120  -8.4693730   9.2270000
  10.1280000  -2.1750000   6.0810000  11.0852000  -2.1750000   6.0810000
   9.8880120  -1.2483730   6.0810000  10.7320000 -16.2220000  -1.0620000
  11.6892000 -16.2220000  -1.0620000  10.4920120 -15.2953730  -1.0620000
  11.6850000 -12.6010000  -0.9340000  12.6422000 -12.6010000  -0.9340000
  11.4450120 -11.6743730  -0.9340000   8.6450000 -17.5910000   3.9070000
   9.6022000 -17.5910000   3.9070000   8.4050120 -16.6643730   3.9070000
   8.3600000 -14.7650000   2.4680000   9.3172000 -14.7650000   2.4680000
   8.1200120 -13.8383730   2.4680000   9.0010000 -18.0530000   8.2980000
   9.9582000 -18.0530000   8.2980000   8.7610120 -17.1263730   8.2980000
  14.1070000 -16.1690000   7.3770000  15.0642000 -16.1690000   7.3770000
  13.8670120 -15.2423730   7.3770000  14.4820000 -16.8580000   4.5770000
  15.4392000 -16.8580000   4.5770000  14.2420120 -15.9313730   4.5770000
  11.2780000  -8.7700000   0.0320000  12.2352000  -8.7700000   0.0320000
  11.0380120  -7.8433730   0.0320000  10.5190000  -6.5170000   6.6030000
  11.4762000  -6.5170000   6.6030000  10.2790120  -5.5903730   6.6030000
   3.0310000 -14.5540000   7.0380000   3.9882000 -14.5540000   7.0380000
   2.7910120 -13.6273730   7.0380000  12.2300000  -2.8890000  12.4290000
  13.1872000  -2.8890000  12.4290000  11.9900120  -1.9623730  12.4290000
   8.2140000 -15.2370000  -0.5840000   9.1712000 -15.2370000  -0.5840000
   7.9740120 -14.3103730  -0.5840000  19.9300000  -6.6790000   2.3380000
  20.8872000  -6.6790000   2.3380000  19.6900120  -5.7523730   2.3380000
  16.8670000  -5.3210000   3.0350000  17.8242000  -5.3210000   3.0350000
  16.6270120  -4.3943730   3.0350000   7.7960000 -17.8900000  10.6600000
   8.7532000 -17.8900000  10.6600000   7.5560120 -16.9633730  10.6600000
  14.8490000  -6.7400000   4.4420000  15.8062000  -6.7400000   4.4420000
  14.6090120  -5.8133730   4.4420000  15.7710000  -9.2910000  11.3880000
  16.7282000  -9.2910000  11.3880000  15.5310120  -8.3643730  11.3880000
   6.0790000 -19.3750000   7.8800000   7.0362000 -19.3750000   7.8800000
   5.8390120 -18.4483730   7.8800000  22.2620000  -7.9720000   1.6930000
  23.2192000  -7.9720000   1.6930000  22.0220120  -7.0453730   1.6930000
  16.3910000 -14.8970000   6.7240000  17.3482000 -14.8970000   6.7240000
  16.1510120 -13.9703730   6.7240000  19.3040000 -11.0840000  10.4330000
  20.2612000 -11.0840000  10.4330000  19.0640120 -10.1573730  10.4330000
  14.6580000  -6.6380000   1.7590000  15.6152000  -6.6380000   1.7590000
  14.4180120  -5.7113730   1.7590000
